68

7 7

0.00466845 0.00466845 0.10242672 0.10298945 0.10242672 0.00466845 0.00466845 
0.00466845 -0.18633553 -0.18965299 -0.19077156 -0.18965299 -0.18633553 0.00466845 
-0.05083651 -0.05245252 -0.05344463 -0.05377914 -0.05344463 -0.05245252 -0.05083651 
0.27053166 0.27827220 0.28302429 0.28462659 0.28302429 0.27827220 0.27053166 
-0.05083651 -0.05245252 -0.05344463 -0.05377914 -0.05344463 -0.05245252 -0.05083651 
0.00466845 -0.18633553 -0.18965299 -0.19077156 -0.18965299 -0.18633553 0.00466845 
0.00466845 0.00466845 0.10242672 0.10298945 0.10242672 0.00466845 0.00466845 
7 7

0.01858021 0.01858021 0.07691826 -0.13962547 -0.17203200 0.01858021 0.01858021 
0.01858021 0.07759181 -0.14329976 -0.17871079 0.09570172 0.28145563 0.01858021 
0.07691826 -0.14329976 -0.18098866 0.09749285 0.29066643 0.09570172 -0.17203200 
-0.13962547 -0.17871079 0.09749285 0.29380787 0.09749285 -0.17871079 -0.13962547 
-0.17203200 0.09570172 0.29066643 0.09749285 -0.18098866 -0.14329976 0.07691826 
0.01858021 0.28145563 0.09570172 -0.17871079 -0.14329976 0.07759181 0.01858021 
0.01858021 0.01858021 -0.17203200 -0.13962547 0.07691826 0.01858021 0.01858021 
7 7

0.00466845 0.00466845 -0.05083651 0.27053166 -0.05083651 0.00466845 0.00466845 
0.00466845 -0.18633553 -0.05245252 0.27827220 -0.05245252 -0.18633553 0.00466845 
0.10242672 -0.18965299 -0.05344463 0.28302429 -0.05344463 -0.18965299 0.10242672 
0.10298945 -0.19077156 -0.05377914 0.28462659 -0.05377914 -0.19077156 0.10298945 
0.10242672 -0.18965299 -0.05344463 0.28302429 -0.05344463 -0.18965299 0.10242672 
0.00466845 -0.18633553 -0.05245252 0.27827220 -0.05245252 -0.18633553 0.00466845 
0.00466845 0.00466845 -0.05083651 0.27053166 -0.05083651 0.00466845 0.00466845 
7 7

0.01858021 0.01858021 -0.17203200 -0.13962547 0.07691826 0.01858021 0.01858021 
0.01858021 0.28145563 0.09570172 -0.17871079 -0.14329976 0.07759181 0.01858021 
-0.17203200 0.09570172 0.29066643 0.09749285 -0.18098866 -0.14329976 0.07691826 
-0.13962547 -0.17871079 0.09749285 0.29380787 0.09749285 -0.17871079 -0.13962547 
0.07691826 -0.14329976 -0.18098866 0.09749285 0.29066643 0.09570172 -0.17203200 
0.01858021 0.07759181 -0.14329976 -0.17871079 0.09570172 0.28145563 0.01858021 
0.01858021 0.01858021 0.07691826 -0.13962547 -0.17203200 0.01858021 0.01858021 
9 9

0.00877803 0.00877803 0.08881936 0.08963655 0.08991080 0.08963655 0.08881936 0.00877803 0.00877803 
0.00877803 -0.06875897 -0.07008283 -0.07088797 -0.07115817 -0.07088797 -0.07008283 -0.06875897 0.00877803 
-0.14680677 -0.15053845 -0.15325860 -0.15491294 -0.15546813 -0.15491294 -0.15325860 -0.15053845 -0.14680677 
0.04462206 0.04548178 0.04610845 0.04648958 0.04661749 0.04648958 0.04610845 0.04548178 0.04462206 
0.20383299 0.20851135 0.21192158 0.21399560 0.21469164 0.21399560 0.21192158 0.20851135 0.20383299 
0.04462206 0.04548178 0.04610845 0.04648958 0.04661749 0.04648958 0.04610845 0.04548178 0.04462206 
-0.14680677 -0.15053845 -0.15325860 -0.15491294 -0.15546813 -0.15491294 -0.15325860 -0.15053845 -0.14680677 
0.00877803 -0.06875897 -0.07008283 -0.07088797 -0.07115817 -0.07088797 -0.07008283 -0.06875897 0.00877803 
0.00877803 0.00877803 0.08881936 0.08963655 0.08991080 0.08963655 0.08881936 0.00877803 0.00877803 
9 9

0.00719446 0.00719446 0.10145203 0.02767864 -0.10044343 -0.15547452 -0.05928406 0.00719446 0.00719446 
0.00719446 0.10209250 0.02795796 -0.10265254 -0.15994106 -0.06157354 0.11585016 0.20084533 0.00719446 
0.10145203 0.02795796 -0.10339894 -0.16222012 -0.06298490 0.11883361 0.20751454 0.11585016 -0.05928406 
0.02767864 -0.10265254 -0.16222012 -0.06346176 0.12035592 0.21162582 0.11883361 -0.06157354 -0.15547452 
-0.10044343 -0.15994106 -0.06298490 0.12035592 0.21301491 0.12035592 -0.06298490 -0.15994106 -0.10044343 
-0.15547452 -0.06157354 0.11883361 0.21162582 0.12035592 -0.06346176 -0.16222012 -0.10265254 0.02767864 
-0.05928406 0.11585016 0.20751454 0.11883361 -0.06298490 -0.16222012 -0.10339894 0.02795796 0.10145203 
0.00719446 0.20084533 0.11585016 -0.06157354 -0.15994106 -0.10265254 0.02795796 0.10209250 0.00719446 
0.00719446 0.00719446 -0.05928406 -0.15547452 -0.10044343 0.02767864 0.10145203 0.00719446 0.00719446 
9 9

0.00877803 0.00877803 -0.14680677 0.04462206 0.20383299 0.04462206 -0.14680677 0.00877803 0.00877803 
0.00877803 -0.06875897 -0.15053845 0.04548178 0.20851135 0.04548178 -0.15053845 -0.06875897 0.00877803 
0.08881936 -0.07008283 -0.15325860 0.04610845 0.21192158 0.04610845 -0.15325860 -0.07008283 0.08881936 
0.08963655 -0.07088797 -0.15491294 0.04648958 0.21399560 0.04648958 -0.15491294 -0.07088797 0.08963655 
0.08991080 -0.07115817 -0.15546813 0.04661749 0.21469164 0.04661749 -0.15546813 -0.07115817 0.08991080 
0.08963655 -0.07088797 -0.15491294 0.04648958 0.21399560 0.04648958 -0.15491294 -0.07088797 0.08963655 
0.08881936 -0.07008283 -0.15325860 0.04610845 0.21192158 0.04610845 -0.15325860 -0.07008283 0.08881936 
0.00877803 -0.06875897 -0.15053845 0.04548178 0.20851135 0.04548178 -0.15053845 -0.06875897 0.00877803 
0.00877803 0.00877803 -0.14680677 0.04462206 0.20383299 0.04462206 -0.14680677 0.00877803 0.00877803 
9 9

0.00719446 0.00719446 -0.05928406 -0.15547452 -0.10044343 0.02767864 0.10145203 0.00719446 0.00719446 
0.00719446 0.20084533 0.11585016 -0.06157354 -0.15994106 -0.10265254 0.02795796 0.10209250 0.00719446 
-0.05928406 0.11585016 0.20751454 0.11883361 -0.06298490 -0.16222012 -0.10339894 0.02795796 0.10145203 
-0.15547452 -0.06157354 0.11883361 0.21162582 0.12035592 -0.06346176 -0.16222012 -0.10265254 0.02767864 
-0.10044343 -0.15994106 -0.06298490 0.12035592 0.21301491 0.12035592 -0.06298490 -0.15994106 -0.10044343 
0.02767864 -0.10265254 -0.16222012 -0.06346176 0.12035592 0.21162582 0.11883361 -0.06157354 -0.15547452 
0.10145203 0.02795796 -0.10339894 -0.16222012 -0.06298490 0.11883361 0.20751454 0.11585016 -0.05928406 
0.00719446 0.10209250 0.02795796 -0.10265254 -0.15994106 -0.06157354 0.11585016 0.20084533 0.00719446 
0.00719446 0.00719446 0.10145203 0.02767864 -0.10044343 -0.15547452 -0.05928406 0.00719446 0.00719446 
11 11

0.00589221 0.00589221 0.00589221 0.07583625 0.07630144 0.07645719 0.07630144 0.07583625 0.00589221 0.00589221 0.00589221 
0.00589221 0.00589221 -0.02313090 -0.02345333 -0.02364850 -0.02371385 -0.02364850 -0.02345333 -0.02313090 0.00589221 0.00589221 
0.00589221 -0.12494152 -0.12698090 -0.12845703 -0.12935057 -0.12964973 -0.12935057 -0.12845703 -0.12698090 -0.12494152 0.00589221 
-0.08445687 -0.08627158 -0.08770819 -0.08874802 -0.08937746 -0.08958820 -0.08937746 -0.08874802 -0.08770819 -0.08627158 -0.08445687 
0.07616327 0.07757471 0.07869206 0.07950082 0.07999038 0.08015429 0.07999038 0.07950082 0.07869206 0.07757471 0.07616327 
0.16911573 0.17239417 0.17498952 0.17686808 0.17800522 0.17838594 0.17800522 0.17686808 0.17498952 0.17239417 0.16911573 
0.07616327 0.07757471 0.07869206 0.07950082 0.07999038 0.08015429 0.07999038 0.07950082 0.07869206 0.07757471 0.07616327 
-0.08445687 -0.08627158 -0.08770819 -0.08874802 -0.08937746 -0.08958820 -0.08937746 -0.08874802 -0.08770819 -0.08627158 -0.08445687 
0.00589221 -0.12494152 -0.12698090 -0.12845703 -0.12935057 -0.12964973 -0.12935057 -0.12845703 -0.12698090 -0.12494152 0.00589221 
0.00589221 0.00589221 -0.02313090 -0.02345333 -0.02364850 -0.02371385 -0.02364850 -0.02345333 -0.02313090 0.00589221 0.00589221 
0.00589221 0.00589221 0.00589221 0.07583625 0.07630144 0.07645719 0.07630144 0.07583625 0.00589221 0.00589221 0.00589221 
11 11

0.00918228 0.00918228 0.00918228 0.07647993 0.01062498 -0.07728199 -0.12723728 -0.09512438 0.00918228 0.00918228 0.00918228 
0.00918228 0.00918228 0.07707738 0.01064424 -0.07882400 -0.13028517 -0.09792711 0.00848554 0.12324673 0.00918228 0.00918228 
0.00918228 0.07707738 0.01065071 -0.07960528 -0.13214650 -0.09983730 0.00846997 0.12631165 0.17521487 0.12324673 0.00918228 
0.07647993 0.01064424 -0.07960528 -0.13277245 -0.10080514 0.00846046 0.12840054 0.17892438 0.12631165 0.00848554 -0.09512438 
0.01062498 -0.07882400 -0.13214650 -0.10080514 0.00845727 0.12945892 0.18118975 0.12840054 0.00846997 -0.09792711 -0.12723728 
-0.07728199 -0.13028517 -0.09983730 0.00846046 0.12945892 0.18195157 0.12945892 0.00846046 -0.09983730 -0.13028517 -0.07728199 
-0.12723728 -0.09792711 0.00846997 0.12840054 0.18118975 0.12945892 0.00845727 -0.10080514 -0.13214650 -0.07882400 0.01062498 
-0.09512438 0.00848554 0.12631165 0.17892438 0.12840054 0.00846046 -0.10080514 -0.13277245 -0.07960528 0.01064424 0.07647993 
0.00918228 0.12324673 0.17521487 0.12631165 0.00846997 -0.09983730 -0.13214650 -0.07960528 0.01065071 0.07707738 0.00918228 
0.00918228 0.00918228 0.12324673 0.00848554 -0.09792711 -0.13028517 -0.07882400 0.01064424 0.07707738 0.00918228 0.00918228 
0.00918228 0.00918228 0.00918228 -0.09512438 -0.12723728 -0.07728199 0.01062498 0.07647993 0.00918228 0.00918228 0.00918228 
11 11

0.00589221 0.00589221 0.00589221 -0.08445687 0.07616327 0.16911573 0.07616327 -0.08445687 0.00589221 0.00589221 0.00589221 
0.00589221 0.00589221 -0.12494152 -0.08627158 0.07757471 0.17239417 0.07757471 -0.08627158 -0.12494152 0.00589221 0.00589221 
0.00589221 -0.02313090 -0.12698090 -0.08770819 0.07869206 0.17498952 0.07869206 -0.08770819 -0.12698090 -0.02313090 0.00589221 
0.07583625 -0.02345333 -0.12845703 -0.08874802 0.07950082 0.17686808 0.07950082 -0.08874802 -0.12845703 -0.02345333 0.07583625 
0.07630144 -0.02364850 -0.12935057 -0.08937746 0.07999038 0.17800522 0.07999038 -0.08937746 -0.12935057 -0.02364850 0.07630144 
0.07645719 -0.02371385 -0.12964973 -0.08958820 0.08015429 0.17838594 0.08015429 -0.08958820 -0.12964973 -0.02371385 0.07645719 
0.07630144 -0.02364850 -0.12935057 -0.08937746 0.07999038 0.17800522 0.07999038 -0.08937746 -0.12935057 -0.02364850 0.07630144 
0.07583625 -0.02345333 -0.12845703 -0.08874802 0.07950082 0.17686808 0.07950082 -0.08874802 -0.12845703 -0.02345333 0.07583625 
0.00589221 -0.02313090 -0.12698090 -0.08770819 0.07869206 0.17498952 0.07869206 -0.08770819 -0.12698090 -0.02313090 0.00589221 
0.00589221 0.00589221 -0.12494152 -0.08627158 0.07757471 0.17239417 0.07757471 -0.08627158 -0.12494152 0.00589221 0.00589221 
0.00589221 0.00589221 0.00589221 -0.08445687 0.07616327 0.16911573 0.07616327 -0.08445687 0.00589221 0.00589221 0.00589221 
11 11

0.00918228 0.00918228 0.00918228 -0.09512438 -0.12723728 -0.07728199 0.01062498 0.07647993 0.00918228 0.00918228 0.00918228 
0.00918228 0.00918228 0.12324673 0.00848554 -0.09792711 -0.13028517 -0.07882400 0.01064424 0.07707738 0.00918228 0.00918228 
0.00918228 0.12324673 0.17521487 0.12631165 0.00846997 -0.09983730 -0.13214650 -0.07960528 0.01065071 0.07707738 0.00918228 
-0.09512438 0.00848554 0.12631165 0.17892438 0.12840054 0.00846046 -0.10080514 -0.13277245 -0.07960528 0.01064424 0.07647993 
-0.12723728 -0.09792711 0.00846997 0.12840054 0.18118975 0.12945892 0.00845727 -0.10080514 -0.13214650 -0.07882400 0.01062498 
-0.07728199 -0.13028517 -0.09983730 0.00846046 0.12945892 0.18195157 0.12945892 0.00846046 -0.09983730 -0.13028517 -0.07728199 
0.01062498 -0.07882400 -0.13214650 -0.10080514 0.00845727 0.12945892 0.18118975 0.12840054 0.00846997 -0.09792711 -0.12723728 
0.07647993 0.01064424 -0.07960528 -0.13277245 -0.10080514 0.00846046 0.12840054 0.17892438 0.12631165 0.00848554 -0.09512438 
0.00918228 0.07707738 0.01065071 -0.07960528 -0.13214650 -0.09983730 0.00846997 0.12631165 0.17521487 0.12324673 0.00918228 
0.00918228 0.00918228 0.07707738 0.01064424 -0.07882400 -0.13028517 -0.09792711 0.00848554 0.12324673 0.00918228 0.00918228 
0.00918228 0.00918228 0.00918228 0.07647993 0.01062498 -0.07728199 -0.12723728 -0.09512438 0.00918228 0.00918228 0.00918228 
13 13

0.00599883 0.00599883 0.00599883 0.00599883 0.06597491 0.06625295 0.06634592 0.06625295 0.06597491 0.00599883 0.00599883 0.00599883 0.00599883 
0.00599883 0.00599883 0.00038333 0.00032240 0.00027847 0.00025195 0.00024308 0.00025195 0.00027847 0.00032240 0.00038333 0.00599883 0.00599883 
0.00599883 -0.08351431 -0.08476501 -0.08574984 -0.08645983 -0.08688846 -0.08703178 -0.08688846 -0.08645983 -0.08574984 -0.08476501 -0.08351431 0.00599883 
0.00599883 -0.10731597 -0.10889923 -0.11014593 -0.11104471 -0.11158731 -0.11176874 -0.11158731 -0.11104471 -0.11014593 -0.10889923 -0.10731597 0.00599883 
-0.03095248 -0.03158448 -0.03210960 -0.03252310 -0.03282120 -0.03300116 -0.03306133 -0.03300116 -0.03282120 -0.03252310 -0.03210960 -0.03158448 -0.03095248 
0.08728480 0.08867509 0.08983026 0.09073988 0.09139564 0.09179153 0.09192390 0.09179153 0.09139564 0.09073988 0.08983026 0.08867509 0.08728480 
0.14438879 0.14675576 0.14872245 0.15027107 0.15138751 0.15206152 0.15228688 0.15206152 0.15138751 0.15027107 0.14872245 0.14675576 0.14438879 
0.08728480 0.08867509 0.08983026 0.09073988 0.09139564 0.09179153 0.09192390 0.09179153 0.09139564 0.09073988 0.08983026 0.08867509 0.08728480 
-0.03095248 -0.03158448 -0.03210960 -0.03252310 -0.03282120 -0.03300116 -0.03306133 -0.03300116 -0.03282120 -0.03252310 -0.03210960 -0.03158448 -0.03095248 
0.00599883 -0.10731597 -0.10889923 -0.11014593 -0.11104471 -0.11158731 -0.11176874 -0.11158731 -0.11104471 -0.11014593 -0.10889923 -0.10731597 0.00599883 
0.00599883 -0.08351431 -0.08476501 -0.08574984 -0.08645983 -0.08688846 -0.08703178 -0.08688846 -0.08645983 -0.08574984 -0.08476501 -0.08351431 0.00599883 
0.00599883 0.00599883 0.00038333 0.00032240 0.00027847 0.00025195 0.00024308 0.00025195 0.00027847 0.00032240 0.00038333 0.00599883 0.00599883 
0.00599883 0.00599883 0.00599883 0.00599883 0.06597491 0.06625295 0.06634592 0.06625295 0.06597491 0.00599883 0.00599883 0.00599883 0.00599883 
13 13

0.00534503 0.00534503 0.00534503 0.00534503 0.04826767 -0.00456241 -0.06575407 -0.10511271 -0.09871750 0.00534503 0.00534503 0.00534503 0.00534503 
0.00534503 0.00534503 0.07242457 0.04866656 -0.00468536 -0.06685871 -0.10717528 -0.10098802 -0.04486942 0.03868076 0.11123512 0.00534503 0.00534503 
0.00534503 0.07242457 0.04880035 -0.00474741 -0.06752972 -0.10857168 -0.10264009 -0.04580707 0.03940810 0.11387966 0.14209695 0.11123512 0.00534503 
0.00534503 0.04866656 -0.00474741 -0.06775477 -0.10927636 -0.10364362 -0.04644188 0.03993733 0.11590632 0.14508071 0.11387966 0.03868076 0.00534503 
0.04826767 -0.00468536 -0.06752972 -0.10927636 -0.10398020 -0.04676223 0.04025880 0.11727841 0.14725175 0.11590632 0.03940810 -0.04486942 -0.09871750 
-0.00456241 -0.06685871 -0.10857168 -0.10364362 -0.04676223 0.04036663 0.11797082 0.14857052 0.11727841 0.03993733 -0.04580707 -0.10098802 -0.10511271 
-0.06575407 -0.10717528 -0.10264009 -0.04644188 0.04025880 0.11797082 0.14901283 0.11797082 0.04025880 -0.04644188 -0.10264009 -0.10717528 -0.06575407 
-0.10511271 -0.10098802 -0.04580707 0.03993733 0.11727841 0.14857052 0.11797082 0.04036663 -0.04676223 -0.10364362 -0.10857168 -0.06685871 -0.00456241 
-0.09871750 -0.04486942 0.03940810 0.11590632 0.14725175 0.11727841 0.04025880 -0.04676223 -0.10398020 -0.10927636 -0.06752972 -0.00468536 0.04826767 
0.00534503 0.03868076 0.11387966 0.14508071 0.11590632 0.03993733 -0.04644188 -0.10364362 -0.10927636 -0.06775477 -0.00474741 0.04866656 0.00534503 
0.00534503 0.11123512 0.14209695 0.11387966 0.03940810 -0.04580707 -0.10264009 -0.10857168 -0.06752972 -0.00474741 0.04880035 0.07242457 0.00534503 
0.00534503 0.00534503 0.11123512 0.03868076 -0.04486942 -0.10098802 -0.10717528 -0.06685871 -0.00468536 0.04866656 0.07242457 0.00534503 0.00534503 
0.00534503 0.00534503 0.00534503 0.00534503 -0.09871750 -0.10511271 -0.06575407 -0.00456241 0.04826767 0.00534503 0.00534503 0.00534503 0.00534503 
13 13

0.00599883 0.00599883 0.00599883 0.00599883 -0.03095248 0.08728480 0.14438879 0.08728480 -0.03095248 0.00599883 0.00599883 0.00599883 0.00599883 
0.00599883 0.00599883 -0.08351431 -0.10731597 -0.03158448 0.08867509 0.14675576 0.08867509 -0.03158448 -0.10731597 -0.08351431 0.00599883 0.00599883 
0.00599883 0.00038333 -0.08476501 -0.10889923 -0.03210960 0.08983026 0.14872245 0.08983026 -0.03210960 -0.10889923 -0.08476501 0.00038333 0.00599883 
0.00599883 0.00032240 -0.08574984 -0.11014593 -0.03252310 0.09073988 0.15027107 0.09073988 -0.03252310 -0.11014593 -0.08574984 0.00032240 0.00599883 
0.06597491 0.00027847 -0.08645983 -0.11104471 -0.03282120 0.09139564 0.15138751 0.09139564 -0.03282120 -0.11104471 -0.08645983 0.00027847 0.06597491 
0.06625295 0.00025195 -0.08688846 -0.11158731 -0.03300116 0.09179153 0.15206152 0.09179153 -0.03300116 -0.11158731 -0.08688846 0.00025195 0.06625295 
0.06634592 0.00024308 -0.08703178 -0.11176874 -0.03306133 0.09192390 0.15228688 0.09192390 -0.03306133 -0.11176874 -0.08703178 0.00024308 0.06634592 
0.06625295 0.00025195 -0.08688846 -0.11158731 -0.03300116 0.09179153 0.15206152 0.09179153 -0.03300116 -0.11158731 -0.08688846 0.00025195 0.06625295 
0.06597491 0.00027847 -0.08645983 -0.11104471 -0.03282120 0.09139564 0.15138751 0.09139564 -0.03282120 -0.11104471 -0.08645983 0.00027847 0.06597491 
0.00599883 0.00032240 -0.08574984 -0.11014593 -0.03252310 0.09073988 0.15027107 0.09073988 -0.03252310 -0.11014593 -0.08574984 0.00032240 0.00599883 
0.00599883 0.00038333 -0.08476501 -0.10889923 -0.03210960 0.08983026 0.14872245 0.08983026 -0.03210960 -0.10889923 -0.08476501 0.00038333 0.00599883 
0.00599883 0.00599883 -0.08351431 -0.10731597 -0.03158448 0.08867509 0.14675576 0.08867509 -0.03158448 -0.10731597 -0.08351431 0.00599883 0.00599883 
0.00599883 0.00599883 0.00599883 0.00599883 -0.03095248 0.08728480 0.14438879 0.08728480 -0.03095248 0.00599883 0.00599883 0.00599883 0.00599883 
13 13

0.00534503 0.00534503 0.00534503 0.00534503 -0.09871750 -0.10511271 -0.06575407 -0.00456241 0.04826767 0.00534503 0.00534503 0.00534503 0.00534503 
0.00534503 0.00534503 0.11123512 0.03868076 -0.04486942 -0.10098802 -0.10717528 -0.06685871 -0.00468536 0.04866656 0.07242457 0.00534503 0.00534503 
0.00534503 0.11123512 0.14209695 0.11387966 0.03940810 -0.04580707 -0.10264009 -0.10857168 -0.06752972 -0.00474741 0.04880035 0.07242457 0.00534503 
0.00534503 0.03868076 0.11387966 0.14508071 0.11590632 0.03993733 -0.04644188 -0.10364362 -0.10927636 -0.06775477 -0.00474741 0.04866656 0.00534503 
-0.09871750 -0.04486942 0.03940810 0.11590632 0.14725175 0.11727841 0.04025880 -0.04676223 -0.10398020 -0.10927636 -0.06752972 -0.00468536 0.04826767 
-0.10511271 -0.10098802 -0.04580707 0.03993733 0.11727841 0.14857052 0.11797082 0.04036663 -0.04676223 -0.10364362 -0.10857168 -0.06685871 -0.00456241 
-0.06575407 -0.10717528 -0.10264009 -0.04644188 0.04025880 0.11797082 0.14901283 0.11797082 0.04025880 -0.04644188 -0.10264009 -0.10717528 -0.06575407 
-0.00456241 -0.06685871 -0.10857168 -0.10364362 -0.04676223 0.04036663 0.11797082 0.14857052 0.11727841 0.03993733 -0.04580707 -0.10098802 -0.10511271 
0.04826767 -0.00468536 -0.06752972 -0.10927636 -0.10398020 -0.04676223 0.04025880 0.11727841 0.14725175 0.11590632 0.03940810 -0.04486942 -0.09871750 
0.00534503 0.04866656 -0.00474741 -0.06775477 -0.10927636 -0.10364362 -0.04644188 0.03993733 0.11590632 0.14508071 0.11387966 0.03868076 0.00534503 
0.00534503 0.07242457 0.04880035 -0.00474741 -0.06752972 -0.10857168 -0.10264009 -0.04580707 0.03940810 0.11387966 0.14209695 0.11123512 0.00534503 
0.00534503 0.00534503 0.07242457 0.04866656 -0.00468536 -0.06685871 -0.10717528 -0.10098802 -0.04486942 0.03868076 0.11123512 0.00534503 0.00534503 
0.00534503 0.00534503 0.00534503 0.00534503 0.04826767 -0.00456241 -0.06575407 -0.10511271 -0.09871750 0.00534503 0.00534503 0.00534503 0.00534503 
15 15

0.00508909 0.00508909 0.00508909 0.00508909 0.00508909 0.05680668 0.05698201 0.05704059 0.05698201 0.05680668 0.00508909 0.00508909 0.00508909 0.00508909 0.00508909 
0.00508909 0.00508909 0.00508909 0.01007024 0.01010973 0.01013813 0.01015524 0.01016096 0.01015524 0.01013813 0.01010973 0.01007024 0.00508909 0.00508909 0.00508909 
0.00508909 0.00508909 -0.05522485 -0.05584034 -0.05632340 -0.05667078 -0.05688015 -0.05695010 -0.05688015 -0.05667078 -0.05632340 -0.05584034 -0.05522485 0.00508909 0.00508909 
0.00508909 -0.09448129 -0.09572460 -0.09675339 -0.09756081 -0.09814145 -0.09849142 -0.09860833 -0.09849142 -0.09814145 -0.09756081 -0.09675339 -0.09572460 -0.09448129 0.00508909 
0.00508909 -0.07422064 -0.07521095 -0.07603040 -0.07667353 -0.07713603 -0.07741478 -0.07750790 -0.07741478 -0.07713603 -0.07667353 -0.07603040 -0.07521095 -0.07422064 0.00508909 
0.00269856 0.00266325 0.00263296 0.00260789 0.00258822 0.00257407 0.00256555 0.00256270 0.00256555 0.00257407 0.00258822 0.00260789 0.00263296 0.00266325 0.00269856 
0.08801451 0.08923962 0.09029038 0.09115985 0.09184223 0.09233295 0.09262872 0.09272753 0.09262872 0.09233295 0.09184223 0.09115985 0.09029038 0.08923962 0.08801451 
0.12510596 0.12687905 0.12839981 0.12965817 0.13064577 0.13135599 0.13178405 0.13192706 0.13178405 0.13135599 0.13064577 0.12965817 0.12839981 0.12687905 0.12510596 
0.08801451 0.08923962 0.09029038 0.09115985 0.09184223 0.09233295 0.09262872 0.09272753 0.09262872 0.09233295 0.09184223 0.09115985 0.09029038 0.08923962 0.08801451 
0.00269856 0.00266325 0.00263296 0.00260789 0.00258822 0.00257407 0.00256555 0.00256270 0.00256555 0.00257407 0.00258822 0.00260789 0.00263296 0.00266325 0.00269856 
0.00508909 -0.07422064 -0.07521095 -0.07603040 -0.07667353 -0.07713603 -0.07741478 -0.07750790 -0.07741478 -0.07713603 -0.07667353 -0.07603040 -0.07521095 -0.07422064 0.00508909 
0.00508909 -0.09448129 -0.09572460 -0.09675339 -0.09756081 -0.09814145 -0.09849142 -0.09860833 -0.09849142 -0.09814145 -0.09756081 -0.09675339 -0.09572460 -0.09448129 0.00508909 
0.00508909 0.00508909 -0.05522485 -0.05584034 -0.05632340 -0.05667078 -0.05688015 -0.05695010 -0.05688015 -0.05667078 -0.05632340 -0.05584034 -0.05522485 0.00508909 0.00508909 
0.00508909 0.00508909 0.00508909 0.01007024 0.01010973 0.01013813 0.01015524 0.01016096 0.01015524 0.01013813 0.01010973 0.01007024 0.00508909 0.00508909 0.00508909 
0.00508909 0.00508909 0.00508909 0.00508909 0.00508909 0.05680668 0.05698201 0.05704059 0.05698201 0.05680668 0.00508909 0.00508909 0.00508909 0.00508909 0.00508909 
15 15

0.00600500 0.00600500 0.00600500 0.00600500 0.00600500 0.03194794 -0.01133461 -0.05725995 -0.08877604 -0.09190861 0.00600500 0.00600500 0.00600500 0.00600500 0.00600500 
0.00600500 0.00600500 0.00600500 0.05951616 0.03218313 -0.01153133 -0.05812223 -0.09028487 -0.09369199 -0.06348343 -0.00739753 0.05627158 0.00600500 0.00600500 0.00600500 
0.00600500 0.00600500 0.05963704 0.03230153 -0.01165043 -0.05870359 -0.09137729 -0.09505082 -0.06458963 -0.00764164 0.05730274 0.10767330 0.12567742 0.00600500 0.00600500 
0.00600500 0.05951616 0.03230153 -0.01169031 -0.05899625 -0.09203868 -0.09596697 -0.06539053 -0.00782764 0.05811935 0.10952508 0.12813236 0.10767330 0.05627158 0.00600500 
0.00600500 0.03218313 -0.01165043 -0.05899625 -0.09226014 -0.09642816 -0.06587543 -0.00795304 0.05871060 0.11093601 0.13007652 0.10952508 0.05730274 -0.00739753 0.00600500 
0.03194794 -0.01153133 -0.05870359 -0.09203868 -0.09642816 -0.06603780 -0.00801617 0.05906856 0.11188730 0.13148412 0.11093601 0.05811935 -0.00764164 -0.06348343 -0.09190861 
-0.01133461 -0.05812223 -0.09137729 -0.09596697 -0.06587543 -0.00801617 0.05918842 0.11236617 0.13233634 0.11188730 0.05871060 -0.00782764 -0.06458963 -0.09369199 -0.08877604 
-0.05725995 -0.09028487 -0.09505082 -0.06539053 -0.00795304 0.05906856 0.11236617 0.13262170 0.11236617 0.05906856 -0.00795304 -0.06539053 -0.09505082 -0.09028487 -0.05725995 
-0.08877604 -0.09369199 -0.06458963 -0.00782764 0.05871060 0.11188730 0.13233634 0.11236617 0.05918842 -0.00801617 -0.06587543 -0.09596697 -0.09137729 -0.05812223 -0.01133461 
-0.09190861 -0.06348343 -0.00764164 0.05811935 0.11093601 0.13148412 0.11188730 0.05906856 -0.00801617 -0.06603780 -0.09642816 -0.09203868 -0.05870359 -0.01153133 0.03194794 
0.00600500 -0.00739753 0.05730274 0.10952508 0.13007652 0.11093601 0.05871060 -0.00795304 -0.06587543 -0.09642816 -0.09226014 -0.05899625 -0.01165043 0.03218313 0.00600500 
0.00600500 0.05627158 0.10767330 0.12813236 0.10952508 0.05811935 -0.00782764 -0.06539053 -0.09596697 -0.09203868 -0.05899625 -0.01169031 0.03230153 0.05951616 0.00600500 
0.00600500 0.00600500 0.12567742 0.10767330 0.05730274 -0.00764164 -0.06458963 -0.09505082 -0.09137729 -0.05870359 -0.01165043 0.03230153 0.05963704 0.00600500 0.00600500 
0.00600500 0.00600500 0.00600500 0.05627158 -0.00739753 -0.06348343 -0.09369199 -0.09028487 -0.05812223 -0.01153133 0.03218313 0.05951616 0.00600500 0.00600500 0.00600500 
0.00600500 0.00600500 0.00600500 0.00600500 0.00600500 -0.09190861 -0.08877604 -0.05725995 -0.01133461 0.03194794 0.00600500 0.00600500 0.00600500 0.00600500 0.00600500 
15 15

0.00508909 0.00508909 0.00508909 0.00508909 0.00508909 0.00269856 0.08801451 0.12510596 0.08801451 0.00269856 0.00508909 0.00508909 0.00508909 0.00508909 0.00508909 
0.00508909 0.00508909 0.00508909 -0.09448129 -0.07422064 0.00266325 0.08923962 0.12687905 0.08923962 0.00266325 -0.07422064 -0.09448129 0.00508909 0.00508909 0.00508909 
0.00508909 0.00508909 -0.05522485 -0.09572460 -0.07521095 0.00263296 0.09029038 0.12839981 0.09029038 0.00263296 -0.07521095 -0.09572460 -0.05522485 0.00508909 0.00508909 
0.00508909 0.01007024 -0.05584034 -0.09675339 -0.07603040 0.00260789 0.09115985 0.12965817 0.09115985 0.00260789 -0.07603040 -0.09675339 -0.05584034 0.01007024 0.00508909 
0.00508909 0.01010973 -0.05632340 -0.09756081 -0.07667353 0.00258822 0.09184223 0.13064577 0.09184223 0.00258822 -0.07667353 -0.09756081 -0.05632340 0.01010973 0.00508909 
0.05680668 0.01013813 -0.05667078 -0.09814145 -0.07713603 0.00257407 0.09233295 0.13135599 0.09233295 0.00257407 -0.07713603 -0.09814145 -0.05667078 0.01013813 0.05680668 
0.05698201 0.01015524 -0.05688015 -0.09849142 -0.07741478 0.00256555 0.09262872 0.13178405 0.09262872 0.00256555 -0.07741478 -0.09849142 -0.05688015 0.01015524 0.05698201 
0.05704059 0.01016096 -0.05695010 -0.09860833 -0.07750790 0.00256270 0.09272753 0.13192706 0.09272753 0.00256270 -0.07750790 -0.09860833 -0.05695010 0.01016096 0.05704059 
0.05698201 0.01015524 -0.05688015 -0.09849142 -0.07741478 0.00256555 0.09262872 0.13178405 0.09262872 0.00256555 -0.07741478 -0.09849142 -0.05688015 0.01015524 0.05698201 
0.05680668 0.01013813 -0.05667078 -0.09814145 -0.07713603 0.00257407 0.09233295 0.13135599 0.09233295 0.00257407 -0.07713603 -0.09814145 -0.05667078 0.01013813 0.05680668 
0.00508909 0.01010973 -0.05632340 -0.09756081 -0.07667353 0.00258822 0.09184223 0.13064577 0.09184223 0.00258822 -0.07667353 -0.09756081 -0.05632340 0.01010973 0.00508909 
0.00508909 0.01007024 -0.05584034 -0.09675339 -0.07603040 0.00260789 0.09115985 0.12965817 0.09115985 0.00260789 -0.07603040 -0.09675339 -0.05584034 0.01007024 0.00508909 
0.00508909 0.00508909 -0.05522485 -0.09572460 -0.07521095 0.00263296 0.09029038 0.12839981 0.09029038 0.00263296 -0.07521095 -0.09572460 -0.05522485 0.00508909 0.00508909 
0.00508909 0.00508909 0.00508909 -0.09448129 -0.07422064 0.00266325 0.08923962 0.12687905 0.08923962 0.00266325 -0.07422064 -0.09448129 0.00508909 0.00508909 0.00508909 
0.00508909 0.00508909 0.00508909 0.00508909 0.00508909 0.00269856 0.08801451 0.12510596 0.08801451 0.00269856 0.00508909 0.00508909 0.00508909 0.00508909 0.00508909 
15 15

0.00600500 0.00600500 0.00600500 0.00600500 0.00600500 -0.09190861 -0.08877604 -0.05725995 -0.01133461 0.03194794 0.00600500 0.00600500 0.00600500 0.00600500 0.00600500 
0.00600500 0.00600500 0.00600500 0.05627158 -0.00739753 -0.06348343 -0.09369199 -0.09028487 -0.05812223 -0.01153133 0.03218313 0.05951616 0.00600500 0.00600500 0.00600500 
0.00600500 0.00600500 0.12567742 0.10767330 0.05730274 -0.00764164 -0.06458963 -0.09505082 -0.09137729 -0.05870359 -0.01165043 0.03230153 0.05963704 0.00600500 0.00600500 
0.00600500 0.05627158 0.10767330 0.12813236 0.10952508 0.05811935 -0.00782764 -0.06539053 -0.09596697 -0.09203868 -0.05899625 -0.01169031 0.03230153 0.05951616 0.00600500 
0.00600500 -0.00739753 0.05730274 0.10952508 0.13007652 0.11093601 0.05871060 -0.00795304 -0.06587543 -0.09642816 -0.09226014 -0.05899625 -0.01165043 0.03218313 0.00600500 
-0.09190861 -0.06348343 -0.00764164 0.05811935 0.11093601 0.13148412 0.11188730 0.05906856 -0.00801617 -0.06603780 -0.09642816 -0.09203868 -0.05870359 -0.01153133 0.03194794 
-0.08877604 -0.09369199 -0.06458963 -0.00782764 0.05871060 0.11188730 0.13233634 0.11236617 0.05918842 -0.00801617 -0.06587543 -0.09596697 -0.09137729 -0.05812223 -0.01133461 
-0.05725995 -0.09028487 -0.09505082 -0.06539053 -0.00795304 0.05906856 0.11236617 0.13262170 0.11236617 0.05906856 -0.00795304 -0.06539053 -0.09505082 -0.09028487 -0.05725995 
-0.01133461 -0.05812223 -0.09137729 -0.09596697 -0.06587543 -0.00801617 0.05918842 0.11236617 0.13233634 0.11188730 0.05871060 -0.00782764 -0.06458963 -0.09369199 -0.08877604 
0.03194794 -0.01153133 -0.05870359 -0.09203868 -0.09642816 -0.06603780 -0.00801617 0.05906856 0.11188730 0.13148412 0.11093601 0.05811935 -0.00764164 -0.06348343 -0.09190861 
0.00600500 0.03218313 -0.01165043 -0.05899625 -0.09226014 -0.09642816 -0.06587543 -0.00795304 0.05871060 0.11093601 0.13007652 0.10952508 0.05730274 -0.00739753 0.00600500 
0.00600500 0.05951616 0.03230153 -0.01169031 -0.05899625 -0.09203868 -0.09596697 -0.06539053 -0.00782764 0.05811935 0.10952508 0.12813236 0.10767330 0.05627158 0.00600500 
0.00600500 0.00600500 0.05963704 0.03230153 -0.01165043 -0.05870359 -0.09137729 -0.09505082 -0.06458963 -0.00764164 0.05730274 0.10767330 0.12567742 0.00600500 0.00600500 
0.00600500 0.00600500 0.00600500 0.05951616 0.03218313 -0.01153133 -0.05812223 -0.09028487 -0.09369199 -0.06348343 -0.00739753 0.05627158 0.00600500 0.00600500 0.00600500 
0.00600500 0.00600500 0.00600500 0.00600500 0.00600500 0.03194794 -0.01133461 -0.05725995 -0.08877604 -0.09190861 0.00600500 0.00600500 0.00600500 0.00600500 0.00600500 
17 17

0.00470771 0.00470771 0.00470771 0.00470771 0.00470771 0.00470771 0.04960041 0.04971575 0.04975426 0.04971575 0.04960041 0.00470771 0.00470771 0.00470771 0.00470771 0.00470771 0.00470771 
0.00470771 0.00470771 0.00470771 0.00470771 0.01428738 0.01434491 0.01438621 0.01441108 0.01441938 0.01441108 0.01438621 0.01434491 0.01428738 0.00470771 0.00470771 0.00470771 0.00470771 
0.00470771 0.00470771 -0.03589447 -0.03627829 -0.03659501 -0.03684305 -0.03702113 -0.03712834 -0.03716414 -0.03712834 -0.03702113 -0.03684305 -0.03659501 -0.03627829 -0.03589447 0.00470771 0.00470771 
0.00470771 0.00470771 -0.07648004 -0.07724752 -0.07788084 -0.07837682 -0.07873290 -0.07894729 -0.07901887 -0.07894729 -0.07873290 -0.07837682 -0.07788084 -0.07724752 -0.07648004 0.00470771 0.00470771 
0.00470771 -0.08130492 -0.08226666 -0.08308884 -0.08376731 -0.08429863 -0.08468010 -0.08490976 -0.08498645 -0.08490976 -0.08468010 -0.08429863 -0.08376731 -0.08308884 -0.08226666 -0.08130492 0.00470771 
0.00470771 -0.04326501 -0.04380142 -0.04425998 -0.04463839 -0.04493473 -0.04514749 -0.04527558 -0.04531835 -0.04527558 -0.04514749 -0.04493473 -0.04463839 -0.04425998 -0.04380142 -0.04326501 0.00470771 
0.02346238 0.02370456 0.02391697 0.02409856 0.02424840 0.02436575 0.02445000 0.02450073 0.02451766 0.02450073 0.02445000 0.02436575 0.02424840 0.02409856 0.02391697 0.02370456 0.02346238 
0.08550197 0.08654525 0.08746031 0.08824258 0.08888811 0.08939364 0.08975659 0.08997511 0.09004807 0.08997511 0.08975659 0.08939364 0.08888811 0.08824258 0.08746031 0.08654525 0.08550197 
0.11072899 0.11209801 0.11329879 0.11432531 0.11517241 0.11583578 0.11631206 0.11659881 0.11669455 0.11659881 0.11631206 0.11583578 0.11517241 0.11432531 0.11329879 0.11209801 0.11072899 
0.08550197 0.08654525 0.08746031 0.08824258 0.08888811 0.08939364 0.08975659 0.08997511 0.09004807 0.08997511 0.08975659 0.08939364 0.08888811 0.08824258 0.08746031 0.08654525 0.08550197 
0.02346238 0.02370456 0.02391697 0.02409856 0.02424840 0.02436575 0.02445000 0.02450073 0.02451766 0.02450073 0.02445000 0.02436575 0.02424840 0.02409856 0.02391697 0.02370456 0.02346238 
0.00470771 -0.04326501 -0.04380142 -0.04425998 -0.04463839 -0.04493473 -0.04514749 -0.04527558 -0.04531835 -0.04527558 -0.04514749 -0.04493473 -0.04463839 -0.04425998 -0.04380142 -0.04326501 0.00470771 
0.00470771 -0.08130492 -0.08226666 -0.08308884 -0.08376731 -0.08429863 -0.08468010 -0.08490976 -0.08498645 -0.08490976 -0.08468010 -0.08429863 -0.08376731 -0.08308884 -0.08226666 -0.08130492 0.00470771 
0.00470771 0.00470771 -0.07648004 -0.07724752 -0.07788084 -0.07837682 -0.07873290 -0.07894729 -0.07901887 -0.07894729 -0.07873290 -0.07837682 -0.07788084 -0.07724752 -0.07648004 0.00470771 0.00470771 
0.00470771 0.00470771 -0.03589447 -0.03627829 -0.03659501 -0.03684305 -0.03702113 -0.03712834 -0.03716414 -0.03712834 -0.03702113 -0.03684305 -0.03659501 -0.03627829 -0.03589447 0.00470771 0.00470771 
0.00470771 0.00470771 0.00470771 0.00470771 0.01428738 0.01434491 0.01438621 0.01441108 0.01441938 0.01441108 0.01438621 0.01434491 0.01428738 0.00470771 0.00470771 0.00470771 0.00470771 
0.00470771 0.00470771 0.00470771 0.00470771 0.00470771 0.00470771 0.04960041 0.04971575 0.04975426 0.04971575 0.04960041 0.00470771 0.00470771 0.00470771 0.00470771 0.00470771 0.00470771 
17 17

0.00527839 0.00527839 0.00527839 0.00527839 0.00527839 0.00527839 0.01800944 -0.01680345 -0.05162296 -0.07641048 -0.08281217 0.00527839 0.00527839 0.00527839 0.00527839 0.00527839 0.00527839 
0.00527839 0.00527839 0.00527839 0.00527839 0.04442114 0.01811880 -0.01703127 -0.05230843 -0.07753611 -0.08417891 -0.06829075 -0.03224773 0.01546485 0.00527839 0.00527839 0.00527839 0.00527839 
0.00527839 0.00527839 0.05694957 0.04455529 0.01818487 -0.01718445 -0.05280311 -0.07839050 -0.08525657 -0.06930449 -0.03282996 0.01564061 0.06358027 0.09812334 0.10997273 0.00527839 0.00527839 
0.00527839 0.00527839 0.04455529 0.01820697 -0.01726144 -0.05310195 -0.07896498 -0.08603427 -0.07007395 -0.03328904 0.01578340 0.06448483 0.09972528 0.11196146 0.09812334 0.00527839 0.00527839 
0.00527839 0.04442114 0.01818487 -0.01726144 -0.05320190 -0.07925370 -0.08650410 -0.07059133 -0.03362033 0.01589177 0.06519808 0.10102671 0.11361667 0.09972528 0.06358027 0.01546485 0.00527839 
0.00527839 0.01811880 -0.01718445 -0.05310195 -0.07925370 -0.08666124 -0.07085136 -0.03382048 0.01596465 0.06571279 0.10201453 0.11492179 0.10102671 0.06448483 0.01564061 -0.03224773 0.00527839 
0.01800944 -0.01703127 -0.05280311 -0.07896498 -0.08650410 -0.07085136 -0.03388742 0.01600127 0.06602374 0.10267874 0.11586363 0.10201453 0.06519808 0.01578340 -0.03282996 -0.06829075 -0.08281217 
-0.01680345 -0.05230843 -0.07839050 -0.08603427 -0.07059133 -0.03382048 0.01600127 0.06612774 0.10301255 0.11643261 0.10267874 0.06571279 0.01589177 -0.03328904 -0.06930449 -0.08417891 -0.07641048 
-0.05162296 -0.07753611 -0.08525657 -0.07007395 -0.03362033 0.01596465 0.06602374 0.10301255 0.11662293 0.10301255 0.06602374 0.01596465 -0.03362033 -0.07007395 -0.08525657 -0.07753611 -0.05162296 
-0.07641048 -0.08417891 -0.06930449 -0.03328904 0.01589177 0.06571279 0.10267874 0.11643261 0.10301255 0.06612774 0.01600127 -0.03382048 -0.07059133 -0.08603427 -0.07839050 -0.05230843 -0.01680345 
-0.08281217 -0.06829075 -0.03282996 0.01578340 0.06519808 0.10201453 0.11586363 0.10267874 0.06602374 0.01600127 -0.03388742 -0.07085136 -0.08650410 -0.07896498 -0.05280311 -0.01703127 0.01800944 
0.00527839 -0.03224773 0.01564061 0.06448483 0.10102671 0.11492179 0.10201453 0.06571279 0.01596465 -0.03382048 -0.07085136 -0.08666124 -0.07925370 -0.05310195 -0.01718445 0.01811880 0.00527839 
0.00527839 0.01546485 0.06358027 0.09972528 0.11361667 0.10102671 0.06519808 0.01589177 -0.03362033 -0.07059133 -0.08650410 -0.07925370 -0.05320190 -0.01726144 0.01818487 0.04442114 0.00527839 
0.00527839 0.00527839 0.09812334 0.11196146 0.09972528 0.06448483 0.01578340 -0.03328904 -0.07007395 -0.08603427 -0.07896498 -0.05310195 -0.01726144 0.01820697 0.04455529 0.00527839 0.00527839 
0.00527839 0.00527839 0.10997273 0.09812334 0.06358027 0.01564061 -0.03282996 -0.06930449 -0.08525657 -0.07839050 -0.05280311 -0.01718445 0.01818487 0.04455529 0.05694957 0.00527839 0.00527839 
0.00527839 0.00527839 0.00527839 0.00527839 0.01546485 -0.03224773 -0.06829075 -0.08417891 -0.07753611 -0.05230843 -0.01703127 0.01811880 0.04442114 0.00527839 0.00527839 0.00527839 0.00527839 
0.00527839 0.00527839 0.00527839 0.00527839 0.00527839 0.00527839 -0.08281217 -0.07641048 -0.05162296 -0.01680345 0.01800944 0.00527839 0.00527839 0.00527839 0.00527839 0.00527839 0.00527839 
17 17

0.00470771 0.00470771 0.00470771 0.00470771 0.00470771 0.00470771 0.02346238 0.08550197 0.11072899 0.08550197 0.02346238 0.00470771 0.00470771 0.00470771 0.00470771 0.00470771 0.00470771 
0.00470771 0.00470771 0.00470771 0.00470771 -0.08130492 -0.04326501 0.02370456 0.08654525 0.11209801 0.08654525 0.02370456 -0.04326501 -0.08130492 0.00470771 0.00470771 0.00470771 0.00470771 
0.00470771 0.00470771 -0.03589447 -0.07648004 -0.08226666 -0.04380142 0.02391697 0.08746031 0.11329879 0.08746031 0.02391697 -0.04380142 -0.08226666 -0.07648004 -0.03589447 0.00470771 0.00470771 
0.00470771 0.00470771 -0.03627829 -0.07724752 -0.08308884 -0.04425998 0.02409856 0.08824258 0.11432531 0.08824258 0.02409856 -0.04425998 -0.08308884 -0.07724752 -0.03627829 0.00470771 0.00470771 
0.00470771 0.01428738 -0.03659501 -0.07788084 -0.08376731 -0.04463839 0.02424840 0.08888811 0.11517241 0.08888811 0.02424840 -0.04463839 -0.08376731 -0.07788084 -0.03659501 0.01428738 0.00470771 
0.00470771 0.01434491 -0.03684305 -0.07837682 -0.08429863 -0.04493473 0.02436575 0.08939364 0.11583578 0.08939364 0.02436575 -0.04493473 -0.08429863 -0.07837682 -0.03684305 0.01434491 0.00470771 
0.04960041 0.01438621 -0.03702113 -0.07873290 -0.08468010 -0.04514749 0.02445000 0.08975659 0.11631206 0.08975659 0.02445000 -0.04514749 -0.08468010 -0.07873290 -0.03702113 0.01438621 0.04960041 
0.04971575 0.01441108 -0.03712834 -0.07894729 -0.08490976 -0.04527558 0.02450073 0.08997511 0.11659881 0.08997511 0.02450073 -0.04527558 -0.08490976 -0.07894729 -0.03712834 0.01441108 0.04971575 
0.04975426 0.01441938 -0.03716414 -0.07901887 -0.08498645 -0.04531835 0.02451766 0.09004807 0.11669455 0.09004807 0.02451766 -0.04531835 -0.08498645 -0.07901887 -0.03716414 0.01441938 0.04975426 
0.04971575 0.01441108 -0.03712834 -0.07894729 -0.08490976 -0.04527558 0.02450073 0.08997511 0.11659881 0.08997511 0.02450073 -0.04527558 -0.08490976 -0.07894729 -0.03712834 0.01441108 0.04971575 
0.04960041 0.01438621 -0.03702113 -0.07873290 -0.08468010 -0.04514749 0.02445000 0.08975659 0.11631206 0.08975659 0.02445000 -0.04514749 -0.08468010 -0.07873290 -0.03702113 0.01438621 0.04960041 
0.00470771 0.01434491 -0.03684305 -0.07837682 -0.08429863 -0.04493473 0.02436575 0.08939364 0.11583578 0.08939364 0.02436575 -0.04493473 -0.08429863 -0.07837682 -0.03684305 0.01434491 0.00470771 
0.00470771 0.01428738 -0.03659501 -0.07788084 -0.08376731 -0.04463839 0.02424840 0.08888811 0.11517241 0.08888811 0.02424840 -0.04463839 -0.08376731 -0.07788084 -0.03659501 0.01428738 0.00470771 
0.00470771 0.00470771 -0.03627829 -0.07724752 -0.08308884 -0.04425998 0.02409856 0.08824258 0.11432531 0.08824258 0.02409856 -0.04425998 -0.08308884 -0.07724752 -0.03627829 0.00470771 0.00470771 
0.00470771 0.00470771 -0.03589447 -0.07648004 -0.08226666 -0.04380142 0.02391697 0.08746031 0.11329879 0.08746031 0.02391697 -0.04380142 -0.08226666 -0.07648004 -0.03589447 0.00470771 0.00470771 
0.00470771 0.00470771 0.00470771 0.00470771 -0.08130492 -0.04326501 0.02370456 0.08654525 0.11209801 0.08654525 0.02370456 -0.04326501 -0.08130492 0.00470771 0.00470771 0.00470771 0.00470771 
0.00470771 0.00470771 0.00470771 0.00470771 0.00470771 0.00470771 0.02346238 0.08550197 0.11072899 0.08550197 0.02346238 0.00470771 0.00470771 0.00470771 0.00470771 0.00470771 0.00470771 
17 17

0.00527839 0.00527839 0.00527839 0.00527839 0.00527839 0.00527839 -0.08281217 -0.07641048 -0.05162296 -0.01680345 0.01800944 0.00527839 0.00527839 0.00527839 0.00527839 0.00527839 0.00527839 
